24
5.236264770670488 0.22121575179548725
4.060839753918965 0.3840762502733369
12.313102090579186 0.8190100334144438
1.2470192679904073 0.139290730467576
14.178153718677063 0.09636022086617768
3.2600592780126894 0.4199901054431727
1.4343642266497214 0.37595023427411145
7.648886059028877 0.404612308989571
4.411920645211411 0.4262104773234907
7.6074507914418295 0.9143977353577641
2.7997792670838573 0.3450667269881603
4.335977685335768 0.04490096663463827
6.090070274387227 0.038478771958140534
8.644701740889593 0.5476209638130334
3.7850451141097006 0.8668431121411716
4.256320175351094 0.9280518515909806
11.642764487644712 0.29180211819595336
4.725811840571369 0.2044497926171005
14.311509631379542 0.9824416387820623
2.786287348121931 0.7747581908460581
13.176066538768241 0.25488782506473107
8.061892200202308 0.841530826483825
2.1543750598577827 0.4378132151655165
6.033204346801725 0.4212651906018082
