29
2.6339177518085233 0.5010633818460397
2.0853567770708965 0.5084070069433891
2.307063197719176 0.24859132728659494
12.36024388419885 0.5188013229453471
5.494848236138952 0.9281418715596103
3.4516503787439605 0.9775760977550135
14.076118998385553 0.5937414676716057
3.18281330306535 0.2764874282318336
11.250521391311523 0.7863040614786039
13.35979548634566 0.05113344648180751
7.344559592433608 0.8777880129636056
8.718865535858686 0.05328109043556972
8.082201095090204 0.11989973916287411
5.550296705157196 0.7305732638303019
13.007580543082394 0.9674146972266207
4.903635927703916 0.9882635653879632
7.106737836424497 0.637952604905907
1.1086857298350574 0.12859348917361824
12.763447311019984 0.5370321166770875
9.782445049798426 0.9225401991394742
11.578865725578417 0.7307844433134302
9.971115602270347 0.2013230019751947
3.38272310045672 0.21034079487878854
2.3054523140465 0.6773417590974485
7.538949519682667 0.9715123539567904
4.125342948025721 0.18543339175263196
5.36280009607605 0.7010161756202444
7.939678648110613 0.19527322222660692
7.350107299966725 0.41791854803353123
