56
6.1547350417848365 0.26322109890231893
14.423969311242008 0.20856066688387476
13.666182327652379 0.23534804681147636
11.691913043951836 0.46182072667210294
13.21623291338529 0.5183442383395527
14.823418208767947 0.581715620281444
3.1499595033143413 0.8342473690547887
8.698893189575653 0.5950189935382375
11.918973209389819 0.819636290697246
7.573633340452868 0.20469204290311926
3.579390949022291 0.5505402198668883
2.9065344889336515 0.14901724077263767
13.574112660922307 0.3813682629751596
5.399397187181508 0.3600712852496398
6.722871440903344 0.0009647017766273303
8.305878840529344 0.3791461493038224
13.824667005123626 0.9325821966243667
12.42035029825602 0.21829799269897576
3.7524828010673055 0.8577121726016023
9.636942349443094 0.3082676242104201
7.424782723887467 0.26944260057793756
8.713114792437164 0.4126218215342452
5.633442758102234 0.7395692503347858
8.603716687774327 0.4456876262175308
11.548195146794795 0.010863234004579891
13.245985261726695 0.21901852440386838
13.070507619252007 0.6753863954933731
7.207675880217346 0.1543860561460092
12.602527330992753 0.13008341962839742
8.841330502336794 0.6626810292774902
6.260498644625958 0.8611619334137103
5.531144497198815 0.8907436571100726
1.5219066961464027 0.3717572940000543
12.731013638172136 0.1842698395771677
13.04414893269176 0.011175295459080137
14.21149894204513 0.27290708501948646
9.869518914144072 0.29686631309298817
13.320831107952898 0.3790208809194251
12.839490528013101 0.9769081437761469
10.141621772201262 0.31120164936779315
12.28629336518015 0.9245066958700537
14.339466340190683 0.3035881013526257
10.546054137998373 0.9800771508960778
7.27402911194028 0.5939341961831314
8.617073787606078 0.15084572888872316
13.185209802003566 0.9593534524941784
2.7639859009535463 0.8636278981808949
7.467385814467304 0.9145793222051305
9.093503261059766 0.3125522916602005
3.422071604998746 0.3996257181050512
9.178219041217934 0.9698737263123495
13.140904877668522 0.5960749683003285
2.6953899736907867 0.13992971820925193
5.1042868541636075 0.6928459686666413
9.433260277178514 0.6109812631029636
10.456275843008413 0.21043810451633194
