14
3.244819849082316 0.19021648586116224
13.28489588946576 0.3116255565378355
7.070019658927105 0.05767882525448065
4.6378259083436415 0.5341652882082828
7.133953245236846 0.5563107558578898
7.951960729354704 0.4600294777793754
1.4564944241953501 0.2337980379877136
2.5878538239844513 0.3274844071380637
2.40350808571591 0.2392291379930751
2.714528585957936 0.595117798360176
3.201729280249488 0.2801501309893193
5.426501491093118 0.27773556530196386
2.4909092172043152 0.23309515971969075
1.6505649223092793 0.7219481876629414
