44 100 813
121 299 16355
315 415 95731
48 425 25117
381 340 63865
37 487 31431
14 308 32208
446 9 55298
157 292 14748
105 262 71913
319 133 92354
427 191 81681
205 142 40835
402 257 52104
1 341 72609
52 192 21064
165 434 38896
436 452 65239
428 446 77321
59 2 75189
472 186 64136
281 272 60061
354 254 99018
414 333 99433
123 44 50295
178 133 75659
380 112 78485
482 250 4880
198 270 27117
424 161 24797
226 199 42373
45 222 21124
388 60 95762
49 356 5356
239 220 41840
389 44 46965
9 449 20295
205 450 62568
206 32 27333
185 174 50350
135 413 74998
193 119 35686
259 245 58478
460 182 81629
171 302 35761
