42 611 444
264 73 44890
458 358 38743
409 281 2302
328 382 63906
192 325 72192
241 196 35079
390 401 49416
494 439 366
432 70 59443
283 291 42024
111 14 9895
179 405 39909
200 270 18124
70 369 84763
373 5 50848
303 19 35210
216 213 22430
426 398 71699
353 24 38242
377 50 39502
126 222 76567
245 27 7288
470 146 95483
446 484 6210
396 401 38955
356 493 50444
303 53 73630
372 391 58299
303 86 32795
265 109 22455
117 282 18447
92 216 65214
481 35 35510
421 346 8431
443 500 45909
463 226 84037
443 153 97605
452 290 97058
400 234 32173
313 143 28832
391 263 10849
28 497 93634
