40 450 32
309 127 78684
434 340 63228
435 11 83018
217 108 59593
352 362 74999
69 241 96687
179 160 72575
263 38 54751
437 187 31317
395 343 34134
419 359 2860
133 467 59813
234 462 68294
369 142 89107
234 430 7368
413 237 62928
433 192 14988
2 375 44268
448 55 80903
57 118 1494
344 476 59557
166 235 13059
281 125 54491
273 274 76691
141 195 76125
73 455 5531
145 103 98937
426 265 26121
483 425 96055
367 89 5773
397 448 19921
257 146 84380
393 330 42566
336 334 2487
247 73 49176
220 409 61253
154 329 75299
177 46 62605
165 234 50313
393 389 35872
