100 887 737
40 364 57194
441 312 4442
179 183 15499
275 17 29686
249 475 67281
74 3 4224
295 192 88131
14 465 70362
210 319 23212
338 469 88372
471 36 56457
249 397 16920
86 443 68933
103 6 84010
283 214 92387
198 236 7244
29 117 10923
35 136 20278
144 496 44859
490 208 60294
310 425 6018
157 24 85565
485 184 24392
155 122 11130
196 276 67518
468 164 23293
226 376 96097
196 452 17935
414 304 11747
472 410 46860
490 85 11264
263 291 4796
32 223 28042
392 287 24597
306 386 76271
473 161 34749
453 186 44643
57 41 60996
499 303 52106
54 275 17787
138 431 12768
107 224 28744
20 350 11322
115 408 73057
123 75 93754
436 136 27835
439 46 83508
170 487 14144
350 291 33992
290 121 89476
205 160 48586
497 425 58858
342 93 94441
81 181 37327
371 273 55338
331 357 84925
274 60 42212
132 369 66992
491 255 23751
44 370 15386
73 327 27812
252 106 82888
415 482 60345
145 149 14267
65 7 69610
495 357 89310
100 429 58989
225 353 19793
301 67 445
400 261 7951
279 403 77092
30 61 10220
63 399 19128
24 18 81535
345 327 42475
189 222 77616
60 105 23569
127 477 41636
66 304 46187
322 142 71398
48 330 88217
288 260 15513
219 318 52888
44 204 86265
319 488 25589
271 269 81481
319 258 80284
478 255 3881
196 259 84057
252 90 85659
473 121 79368
244 303 9451
483 458 86996
61 237 27716
235 53 38853
114 488 4221
292 439 2673
133 404 4267
72 104 95530
167 360 59383
