77 467 946
127 92 1312
483 84 35768
269 46 78759
59 221 96392
430 161 5258
142 306 85647
134 133 9972
500 175 61063
53 228 65020
241 379 22187
218 202 80626
338 483 36383
274 233 76292
135 247 17628
265 338 88807
237 493 90936
306 160 90023
191 452 77446
338 189 52183
304 106 8996
62 215 89464
53 365 60675
165 464 33419
360 25 63033
304 3 98269
184 116 45663
154 475 2930
42 163 67285
275 387 10391
113 49 31049
165 100 46906
328 44 48795
441 460 71297
251 274 47372
59 166 88158
249 239 52834
267 358 34668
320 41 88221
425 176 44092
254 370 85603
311 84 1081
313 181 62823
299 169 83527
427 311 77284
442 277 80202
28 374 63494
400 328 67822
18 441 950
150 374 84724
373 96 97488
443 361 14216
447 429 80737
18 36 79256
151 217 97465
169 214 63850
18 151 87478
105 335 76225
266 37 71100
482 238 20581
350 56 2361
324 298 35504
44 430 22004
474 137 30189
86 88 9092
200 143 73966
500 378 40841
90 411 737
160 108 38489
175 427 71781
497 111 45217
482 384 89685
50 407 2096
260 198 10201
104 119 81094
462 456 61336
210 260 86279
247 176 6722
