83 176 732
320 217 346
181 311 97223
431 139 27849
388 208 90578
101 15 71620
18 182 54244
386 358 92832
28 71 79071
120 392 67174
67 365 30587
407 85 57921
89 392 81480
168 446 67867
323 93 35695
483 23 95554
246 46 34153
277 210 16705
448 248 43261
89 163 23873
35 178 37376
203 148 91664
239 445 11368
492 66 44319
48 11 46123
307 161 29113
115 192 29523
260 71 90965
23 279 68938
22 122 46257
161 420 52861
486 493 75357
258 313 47142
108 124 64227
83 426 89576
438 168 84327
203 141 86454
360 37 95824
232 99 87636
118 11 341
107 151 18823
367 499 93259
224 84 16476
122 181 86888
209 100 9813
82 239 36914
458 103 72749
345 268 47176
339 424 17502
447 490 31160
344 432 59642
19 357 53594
205 373 27782
251 344 76882
430 497 41500
171 466 57681
354 61 86395
374 480 34902
5 104 65095
112 246 28435
370 429 93275
172 54 33848
19 254 7563
103 187 16600
217 222 77103
158 314 23787
363 224 94681
431 1 13327
482 33 90753
443 270 26261
224 20 59361
472 192 67002
391 421 99317
360 182 6636
364 436 92134
469 44 33372
202 214 91206
323 368 13323
476 468 51804
497 476 26018
166 92 94512
322 131 88740
403 293 78728
394 361 31474
