79 62 561
25 462 89795
70 78 61943
213 469 60712
229 267 63288
367 161 36809
38 137 43134
159 59 18891
193 380 64847
333 180 38953
364 398 51688
382 483 80667
332 98 70833
138 273 89697
151 499 36295
354 54 45150
357 374 99827
198 250 20762
306 496 75114
193 46 1797
323 233 46292
482 469 78455
132 171 7997
283 128 49317
473 25 91487
243 166 71626
245 6 38178
352 47 66345
478 23 86547
441 462 26206
216 329 33653
329 24 91727
274 119 29870
300 344 83112
222 121 65885
414 225 46261
148 328 63868
362 475 88245
413 84 47529
491 338 74460
89 232 58981
103 455 44572
346 318 23816
459 275 76342
229 117 47227
87 95 99537
176 492 94255
296 431 72698
333 110 43768
320 332 8592
54 496 63362
398 56 2199
377 500 86198
401 326 98735
123 447 77690
324 168 94394
198 154 53896
404 397 3324
169 296 80190
427 31 27140
343 254 36710
499 479 25706
281 138 80580
263 362 2232
442 106 29891
242 190 20042
113 327 26547
11 412 39171
90 203 83191
39 51 31318
489 25 53530
50 307 61381
72 87 27803
470 384 63050
471 242 98659
186 362 3322
289 356 59330
398 316 14530
477 165 44941
305 412 28801
